
# Costs Radio Bases
rbs.min.15 <- 93268.26
rbs.med.15 <- 227884.29
rbs.max.15 <- 293596.45

rbs.min.20 <- 97016.98
rbs.med.20 <- 231633.01
rbs.max.20 <- 297345.17

# Costs Microwaves equipment
micro.min.15 <- 36498.56
micro.max.15 <- 49032.56

micro.min.20 <- 37875.26
micro.max.20 <- 50409.26

# https://forum.huawei.com/enterprise/es/%C2%BFQu%C3%A9-distancia-pueden-recorrer-las-microondas/thread/667237165240827904-667212889045479424
micro.range <- 100

# Costs of fiber links
fibeq.min.15 <- 36985.07
fibeq.max.15 <- 56017.07
fibeq.min.20 <- 38089.39
fibeq.max.20 <- 57121.39

fibkm.min.15 <- 4267.73
fibkm.max.15 <- 6696.73
fibkm.min.20 <- 4396.02
fibkm.max.20 <- 6825.02







